total_investment_cost = 17499.9999975
runtime = 0.0869849
total_operational_cost = 1875.0
