total_investment_cost = 1.17398466653915e7
runtime = 4.298310005
total_operational_cost = 3.4686346217045654e6
