total_investment_cost = 4.3983333327049995e6
runtime = 0.17075091
total_operational_cost = 971334.8922397638
