total_investment_cost = 4.392499999372501e6
runtime = 0.1545126
total_operational_cost = 976739.9976970591
