total_investment_cost = 40833.3333275
runtime = 2.974741331
total_operational_cost = 8000.0
