total_investment_cost = 1.3999999997999999e6
runtime = 0.1355808
total_operational_cost = 240000.0
