total_investment_cost = 4.392499999372501e6
total_operational_cost = 976875.3271449179
runtime = 0.071605292
