total_investment_cost = 4.392499999372499e6
total_operational_cost = 976739.9976970397
runtime = 0.072556
