total_investment_cost = 1.5228206665299146e7
total_operational_cost = 1.6508406401381131e7
runtime = 51.662260016
