total_investment_cost = 11666.666664999999
runtime = 0.0695392
total_operational_cost = 6250.0
