total_investment_cost = 17499.9999975
runtime = 0.099966
total_operational_cost = 350.0
