total_investment_cost = 8.2893199997135e6
total_operational_cost = 4.767482922180657e6
runtime = 29.194373004
