total_investment_cost = 0.0
runtime = 4.612692811
total_operational_cost = 255702.484374
