total_investment_cost = 0.0
runtime = 0.037107915
total_operational_cost = 255702.484374
