total_investment_cost = 0.0
total_operational_cost = 255702.484374
runtime = 0.018653875
