total_investment_cost = 3.0621666668074997e6
runtime = 14.239289531
total_operational_cost = 2.0970568712971588e6
