total_investment_cost = 34999.999995
runtime = 0.344628407
total_operational_cost = 400.0
